0 1469598103934665603 12379796068503572944
7440 11485616106927166451 9736197284345033200
7440 18051221773885749491 17508077445621354528
7440 8714167288520817664 15310309946747235219
0 1469598103934665603 12379796068503572944
9312 3003370869833824963 2168728909453182960
12448 11546471088785054227 12982085815600814528
12448 16847582537868567363 7407339909792717976
0 1469598103934665603 12379796068503572944
2608 1414657161714238355 524931083388925040
2608 2184200725045460915 15598317655314768464
2608 772689898440342729 17557587900341872542
