=== cell 100 lat=0.025641 (samples=116) ===
tick,temp,t30,t365,seas_off,sea_ice,baseline,baseline_year
3255,0,0.146504,0.097834,-0.32,1,0.02705,0.048611
3257,0,0.146504,0.097834,-0.32,1,0.02705,0.048611
3259,0,0.146504,0.097834,-0.32,1,0.02705,0.048611
3261,0,0.141621,0.097566,-0.254241,1,0.02705,0.048611
3263,0,0.141621,0.097566,-0.254241,1,0.02705,0.048611
3265,0,0.141621,0.097566,-0.254241,1,0.02705,0.048611
3267,0,0.141621,0.097566,-0.254241,1,0.02705,0.048611
3269,0.50705,0.153801,0.098688,0.48,1,0.02705,0.048611
3271,0.50705,0.153801,0.098688,0.48,0,0.02705,0.048611
3273,0.50705,0.153801,0.098688,0.48,0,0.02705,0.048611
3275,0.482821,0.153801,0.098688,0.48,0,0.02705,0.048611
3277,0.457026,0.153801,0.098688,0.48,0,0.02705,0.048611
3279,0.309591,0.159851,0.099336,0.308231,0,0.02705,0.048611
3281,0.309591,0.159851,0.099336,0.308231,0,0.02705,0.048611
3283,0.080563,0.159851,0.099336,0.308231,0,0.02705,0.048611
3285,0.080563,0.159851,0.099336,0.308231,0,0.02705,0.048611
3287,0,0.154522,0.099064,-0.32,0,0.02705,0.048611
3289,0,0.154522,0.099064,-0.32,1,0.02705,0.048611
3291,0,0.154522,0.099064,-0.32,1,0.02705,0.048611
3293,0,0.154522,0.099064,-0.32,1,0.02705,0.048611
3295,0,0.154522,0.099064,-0.32,1,0.02705,0.048611
3297,0,0.149372,0.098793,-0.32,1,0.02705,0.048611
3299,0,0.149372,0.098793,-0.32,1,0.02705,0.048611
3301,0,0.149372,0.098793,-0.32,1,0.02705,0.048611
3303,0,0.149372,0.098793,-0.32,1,0.02705,0.048611
3305,0,0.144393,0.098522,-0.252281,1,0.02705,0.048611
3307,0,0.144393,0.098522,-0.252281,1,0.02705,0.048611
3309,0,0.144393,0.098522,-0.252281,1,0.02705,0.048611
3311,0,0.144393,0.098522,-0.252281,1,0.02705,0.048611
3313,0,0.144393,0.098522,-0.252281,1,0.02705,0.048611
3315,0.50705,0.156481,0.099641,0.48,1,0.02705,0.048611
3317,0.50705,0.156481,0.099641,0.48,1,0.02705,0.048611
3319,0.482771,0.156481,0.099641,0.48,0,0.02705,0.048611
3321,0.482771,0.156481,0.099641,0.48,0,0.02705,0.048611
3323,0.335708,0.162455,0.100288,0.308658,0,0.02705,0.048611
3325,0.310004,0.162455,0.100288,0.308658,0,0.02705,0.048611
3327,0.194571,0.162455,0.100288,0.308658,0,0.02705,0.048611
3329,0,0.162455,0.100288,0.308658,0,0.02705,0.048611
3331,0,0.162455,0.100288,0.308658,1,0.02705,0.048611
3333,0,0.15704,0.100013,-0.32,1,0.02705,0.048611
3335,0,0.15704,0.100013,-0.32,1,0.02705,0.048611
3337,0,0.15704,0.100013,-0.32,1,0.02705,0.048611
3339,0,0.15704,0.100013,-0.32,1,0.02705,0.048611
3341,0,0.151806,0.099739,-0.32,1,0.02705,0.048611
3343,0,0.151806,0.099739,-0.32,1,0.02705,0.048611
3345,0,0.151806,0.099739,-0.32,1,0.02705,0.048611
3347,0,0.151806,0.099739,-0.32,1,0.02705,0.048611
3349,0,0.151806,0.099739,-0.32,1,0.02705,0.048611
3351,0,0.146745,0.099466,-0.258858,1,0.02705,0.048611
3353,0,0.146745,0.099466,-0.258858,1,0.02705,0.048611
3355,0,0.146745,0.099466,-0.258858,1,0.02705,0.048611
3357,0,0.146745,0.099466,-0.258858,1,0.02705,0.048611
3359,0.50705,0.158755,0.100583,0.48,1,0.02705,0.048611
3361,0.50705,0.158755,0.100583,0.48,0,0.02705,0.048611
3363,0.50705,0.158755,0.100583,0.48,0,0.02705,0.048611
3365,0.482592,0.158755,0.100583,0.48,0,0.02705,0.048611
3367,0.456805,0.158755,0.100583,0.48,0,0.02705,0.048611
3369,0.32046,0.165003,0.101256,0.319141,0,0.02705,0.048611
=== cell 500 lat=0.205128 (samples=116) ===
tick,temp,t30,t365,seas_off,sea_ice,baseline,baseline_year
3255,0.136175,0.330691,0.254634,-0.208856,1,0.345179,0.542533
3257,0.136175,0.330691,0.254634,-0.208856,1,0.345179,0.542533
3259,0.136175,0.330691,0.254634,-0.208856,1,0.345179,0.542533
3261,0.319905,0.330331,0.254812,-0.025274,1,0.345179,0.542533
3263,0.319758,0.330331,0.254812,-0.025274,1,0.345179,0.542533
3265,0.319758,0.330331,0.254812,-0.025274,0,0.345179,0.542533
3267,0.319758,0.330331,0.254812,-0.025274,0,0.345179,0.542533
3269,0.554905,0.337817,0.255635,0.209726,0,0.345179,0.542533
3271,0.554758,0.337817,0.255635,0.209726,0,0.345179,0.542533
3273,0.554758,0.337817,0.255635,0.209726,0,0.345179,0.542533
3275,0.554758,0.337817,0.255635,0.209726,0,0.345179,0.542533
3277,0.554758,0.337817,0.255635,0.209726,0,0.345179,0.542533
3279,0.53891,0.34452,0.256411,0.193731,0,0.345179,0.542533
3281,0.538763,0.34452,0.256411,0.193731,0,0.345179,0.542533
3283,0.538763,0.34452,0.256411,0.193731,0,0.345179,0.542533
3285,0.538763,0.34452,0.256411,0.193731,0,0.345179,0.542533
3287,0.207388,0.339949,0.256276,-0.137791,0,0.345179,0.542533
3289,0.207241,0.339949,0.256276,-0.137791,0,0.345179,0.542533
3291,0.207241,0.339949,0.256276,-0.137791,0,0.345179,0.542533
3293,0.207241,0.339949,0.256276,-0.137791,0,0.345179,0.542533
3295,0.207241,0.339949,0.256276,-0.137791,0,0.345179,0.542533
3297,0.109572,0.33227,0.255874,-0.235607,0,0.345179,0.542533
3299,0.109425,0.33227,0.255874,-0.235607,0,0.345179,0.542533
3301,0.109425,0.33227,0.255874,-0.235607,1,0.345179,0.542533
3303,0.109425,0.33227,0.255874,-0.235607,1,0.345179,0.542533
3305,0.32078,0.331887,0.256052,-0.024399,1,0.345179,0.542533
3307,0.320633,0.331887,0.256052,-0.024399,0,0.345179,0.542533
3309,0.320633,0.331887,0.256052,-0.024399,0,0.345179,0.542533
3311,0.320633,0.331887,0.256052,-0.024399,0,0.345179,0.542533
3313,0.320633,0.331887,0.256052,-0.024399,0,0.345179,0.542533
3315,0.554905,0.339321,0.256871,0.209726,0,0.345179,0.542533
3317,0.554758,0.339321,0.256871,0.209726,0,0.345179,0.542533
3319,0.554758,0.339321,0.256871,0.209726,0,0.345179,0.542533
3321,0.554758,0.339321,0.256871,0.209726,0,0.345179,0.542533
3323,0.53904,0.345978,0.257644,0.193861,0,0.345179,0.542533
3325,0.538893,0.345978,0.257644,0.193861,0,0.345179,0.542533
3327,0.538893,0.345978,0.257644,0.193861,0,0.345179,0.542533
3329,0.538893,0.345978,0.257644,0.193861,0,0.345179,0.542533
3331,0.538893,0.345978,0.257644,0.193861,0,0.345179,0.542533
3333,0.209396,0.341425,0.257512,-0.135783,0,0.345179,0.542533
3335,0.209249,0.341425,0.257512,-0.135783,0,0.345179,0.542533
3337,0.209249,0.341425,0.257512,-0.135783,0,0.345179,0.542533
3339,0.209249,0.341425,0.257512,-0.135783,0,0.345179,0.542533
3341,0.109974,0.33371,0.257108,-0.235205,0,0.345179,0.542533
3343,0.109827,0.33371,0.257108,-0.235205,1,0.345179,0.542533
3345,0.109827,0.33371,0.257108,-0.235205,1,0.345179,0.542533
3347,0.109827,0.33371,0.257108,-0.235205,1,0.345179,0.542533
3349,0.109827,0.33371,0.257108,-0.235205,1,0.345179,0.542533
3351,0.317838,0.333181,0.257274,-0.027341,1,0.345179,0.542533
3353,0.317691,0.333181,0.257274,-0.027341,1,0.345179,0.542533
3355,0.317691,0.333181,0.257274,-0.027341,0,0.345179,0.542533
3357,0.317691,0.333181,0.257274,-0.027341,0,0.345179,0.542533
3359,0.554905,0.340572,0.25809,0.209726,0,0.345179,0.542533
3361,0.554758,0.340572,0.25809,0.209726,0,0.345179,0.542533
3363,0.554758,0.340572,0.25809,0.209726,0,0.345179,0.542533
3365,0.554758,0.340572,0.25809,0.209726,0,0.345179,0.542533
3367,0.554758,0.340572,0.25809,0.209726,0,0.345179,0.542533
3369,0.542223,0.347294,0.258868,0.197044,0,0.345179,0.542533
=== cell 1000 lat=0.410256 (samples=116) ===
tick,temp,t30,t365,seas_off,sea_ice,baseline,baseline_year
3255,0.153351,0.246274,0.205098,-0.099601,0,0.252952,0.952811
3257,0.153351,0.246274,0.205098,-0.099601,0,0.252952,0.952811
3259,0.153351,0.246274,0.205098,-0.099601,0,0.252952,0.952811
3261,0.177752,0.247651,0.205324,0.034637,0,0.252952,0.952811
3263,0.177752,0.247651,0.205324,0.034637,0,0.252952,0.952811
3265,0.177752,0.247651,0.205324,0.034637,0,0.252952,0.952811
3267,0.177752,0.247651,0.205324,0.034637,0,0.252952,0.952811
3269,0.317294,0.249972,0.205631,0.064342,0,0.252952,0.952811
3271,0.095597,0.249972,0.205631,0.064342,0,0.252952,0.952811
3273,0.095597,0.249972,0.205631,0.064342,0,0.252952,0.952811
3275,0.095597,0.249972,0.205631,0.064342,0,0.252952,0.952811
3277,0.095597,0.249972,0.205631,0.064342,0,0.252952,0.952811
3279,0.205711,0.252216,0.205937,0.064342,0,0.252952,0.952811
3281,0.205711,0.252216,0.205937,0.064342,0,0.252952,0.952811
3283,0.095597,0.252216,0.205937,0.064342,0,0.252952,0.952811
3285,0.095597,0.252216,0.205937,0.064342,0,0.252952,0.952811
3287,0.100224,0.250823,0.205949,-0.042534,0,0.252952,0.952811
3289,0.100224,0.250823,0.205949,-0.042534,0,0.252952,0.952811
3291,0.100224,0.250823,0.205949,-0.042534,0,0.252952,0.952811
3293,0.100224,0.250823,0.205949,-0.042534,0,0.252952,0.952811
3295,0.100224,0.250823,0.205949,-0.042534,0,0.252952,0.952811
3297,0.129461,0.246778,0.20574,-0.12349,0,0.252952,0.952811
3299,0.129461,0.246778,0.20574,-0.12349,0,0.252952,0.952811
3301,0.129461,0.246778,0.20574,-0.12349,0,0.252952,0.952811
3303,0.129461,0.246778,0.20574,-0.12349,0,0.252952,0.952811
3305,0.288138,0.248156,0.205965,0.035187,0,0.252952,0.952811
3307,0.067062,0.248156,0.205965,0.035187,0,0.252952,0.952811
3309,0.067062,0.248156,0.205965,0.035187,0,0.252952,0.952811
3311,0.067062,0.248156,0.205965,0.035187,0,0.252952,0.952811
3313,0.067062,0.248156,0.205965,0.035187,0,0.252952,0.952811
3315,0.20565,0.250461,0.20627,0.064342,0,0.252952,0.952811
3317,0.095421,0.250461,0.20627,0.064342,0,0.252952,0.952811
3319,0.095421,0.250461,0.20627,0.064342,0,0.252952,0.952811
3321,0.095421,0.250461,0.20627,0.064342,0,0.252952,0.952811
3323,0.317294,0.252689,0.206574,0.064342,0,0.252952,0.952811
3325,0.20565,0.252689,0.206574,0.064342,0,0.252952,0.952811
3327,0.095421,0.252689,0.206574,0.064342,0,0.252952,0.952811
3329,0.095421,0.252689,0.206574,0.064342,0,0.252952,0.952811
3331,0.095421,0.252689,0.206574,0.064342,0,0.252952,0.952811
3333,0.101589,0.25133,0.206589,-0.041031,0,0.252952,0.952811
3335,0.101589,0.25133,0.206589,-0.041031,0,0.252952,0.952811
3337,0.101589,0.25133,0.206589,-0.041031,0,0.252952,0.952811
3339,0.101589,0.25133,0.206589,-0.041031,0,0.252952,0.952811
3341,0.129833,0.24728,0.206379,-0.123118,0,0.252952,0.952811
3343,0.129833,0.24728,0.206379,-0.123118,0,0.252952,0.952811
3345,0.129833,0.24728,0.206379,-0.123118,0,0.252952,0.952811
3347,0.129833,0.24728,0.206379,-0.123118,0,0.252952,0.952811
3349,0.129833,0.24728,0.206379,-0.123118,0,0.252952,0.952811
3351,0.174882,0.24858,0.206598,0.033336,0,0.252952,0.952811
3353,0.065091,0.24858,0.206598,0.033336,0,0.252952,0.952811
3355,0.065091,0.24858,0.206598,0.033336,0,0.252952,0.952811
3357,0.065091,0.24858,0.206598,0.033336,0,0.252952,0.952811
3359,0.317294,0.250871,0.206901,0.064342,0,0.252952,0.952811
3361,0.095273,0.250871,0.206901,0.064342,0,0.252952,0.952811
3363,0.095273,0.250871,0.206901,0.064342,0,0.252952,0.952811
3365,0.095273,0.250871,0.206901,0.064342,0,0.252952,0.952811
3367,0.095273,0.250871,0.206901,0.064342,0,0.252952,0.952811
3369,0.2056,0.253085,0.207203,0.064342,0,0.252952,0.952811
=== cell 1500 lat=0.641026 (samples=116) ===
tick,temp,t30,t365,seas_off,sea_ice,baseline,baseline_year
3255,0.875777,0.817421,0.843191,0.083044,0,0.81177,0.885289
3257,0.875777,0.817421,0.843191,0.083044,0,0.81177,0.885289
3259,0.875777,0.817421,0.843191,0.083044,0,0.81177,0.885289
3261,0.872265,0.81925,0.843271,0.060494,0,0.81177,0.885289
3263,0.838609,0.81925,0.843271,0.060494,0,0.81177,0.885289
3265,0.838609,0.81925,0.843271,0.060494,0,0.81177,0.885289
3267,0.838609,0.81925,0.843271,0.060494,0,0.81177,0.885289
3269,0.677504,0.814525,0.842817,-0.134267,0,0.81177,0.885289
3271,0.677504,0.814525,0.842817,-0.134267,0,0.81177,0.885289
3273,0.637832,0.814525,0.842817,-0.134267,0,0.81177,0.885289
3275,0.637832,0.814525,0.842817,-0.134267,0,0.81177,0.885289
3277,0.637832,0.814525,0.842817,-0.134267,0,0.81177,0.885289
3279,0.727817,0.811634,0.842502,-0.083954,0,0.81177,0.885289
3281,0.688898,0.811634,0.842502,-0.083954,0,0.81177,0.885289
3283,0.688898,0.811634,0.842502,-0.083954,0,0.81177,0.885289
3285,0.688898,0.811634,0.842502,-0.083954,0,0.81177,0.885289
3287,0.894814,0.814407,0.842645,0.083044,0,0.81177,0.885289
3289,0.894814,0.814407,0.842645,0.083044,0,0.81177,0.885289
3291,0.875777,0.814407,0.842645,0.083044,0,0.81177,0.885289
3293,0.875777,0.814407,0.842645,0.083044,0,0.81177,0.885289
3295,0.875777,0.814407,0.842645,0.083044,0,0.81177,0.885289
3297,0.894814,0.817087,0.842788,0.083044,0,0.81177,0.885289
3299,0.875777,0.817087,0.842788,0.083044,0,0.81177,0.885289
3301,0.875777,0.817087,0.842788,0.083044,0,0.81177,0.885289
3303,0.875777,0.817087,0.842788,0.083044,0,0.81177,0.885289
3305,0.871647,0.818906,0.842867,0.059876,0,0.81177,0.885289
3307,0.871647,0.818906,0.842867,0.059876,0,0.81177,0.885289
3309,0.837958,0.818906,0.842867,0.059876,0,0.81177,0.885289
3311,0.837958,0.818906,0.842867,0.059876,0,0.81177,0.885289
3313,0.837958,0.818906,0.842867,0.059876,0,0.81177,0.885289
3315,0.678382,0.814222,0.842416,-0.133388,0,0.81177,0.885289
3317,0.638718,0.814222,0.842416,-0.133388,0,0.81177,0.885289
3319,0.638718,0.814222,0.842416,-0.133388,0,0.81177,0.885289
3321,0.638718,0.814222,0.842416,-0.133388,0,0.81177,0.885289
3323,0.727726,0.811339,0.842102,-0.084044,0,0.81177,0.885289
3325,0.727726,0.811339,0.842102,-0.084044,0,0.81177,0.885289
3327,0.688805,0.811339,0.842102,-0.084044,0,0.81177,0.885289
3329,0.688805,0.811339,0.842102,-0.084044,0,0.81177,0.885289
3331,0.688805,0.811339,0.842102,-0.084044,0,0.81177,0.885289
3333,0.894814,0.814121,0.842247,0.083044,0,0.81177,0.885289
3335,0.875777,0.814121,0.842247,0.083044,0,0.81177,0.885289
3337,0.875777,0.814121,0.842247,0.083044,0,0.81177,0.885289
3339,0.875777,0.814121,0.842247,0.083044,0,0.81177,0.885289
3341,0.894814,0.816811,0.842391,0.083044,0,0.81177,0.885289
3343,0.894814,0.816811,0.842391,0.083044,0,0.81177,0.885289
3345,0.875777,0.816811,0.842391,0.083044,0,0.81177,0.885289
3347,0.875777,0.816811,0.842391,0.083044,0,0.81177,0.885289
3349,0.875777,0.816811,0.842391,0.083044,0,0.81177,0.885289
3351,0.873725,0.818708,0.842476,0.061955,0,0.81177,0.885289
3353,0.840146,0.818708,0.842476,0.061955,0,0.81177,0.885289
3355,0.840146,0.818708,0.842476,0.061955,0,0.81177,0.885289
3357,0.840146,0.818708,0.842476,0.061955,0,0.81177,0.885289
3359,0.678518,0.814035,0.842027,-0.133253,0,0.81177,0.885289
3361,0.678518,0.814035,0.842027,-0.133253,0,0.81177,0.885289
3363,0.638855,0.814035,0.842027,-0.133253,0,0.81177,0.885289
3365,0.638855,0.814035,0.842027,-0.133253,0,0.81177,0.885289
3367,0.638855,0.814035,0.842027,-0.133253,0,0.81177,0.885289
3369,0.725504,0.811084,0.841708,-0.086266,0,0.81177,0.885289
=== cell 2000 lat=0.846154 (samples=116) ===
tick,temp,t30,t365,seas_off,sea_ice,baseline,baseline_year
3255,0.426549,0.206801,0.297096,0.28477,0,0.158554,0.398688
3257,0.429549,0.206801,0.297096,0.28477,0,0.158554,0.398688
3259,0.429549,0.206801,0.297096,0.28477,0,0.158554,0.398688
3261,0.147226,0.205312,0.296727,0.003574,0,0.158554,0.398688
3263,0.147226,0.205312,0.296727,0.003574,0,0.158554,0.398688
3265,0.147226,0.205312,0.296727,0.003574,0,0.158554,0.398688
3267,0.147226,0.205312,0.296727,0.003574,0,0.158554,0.398688
3269,0,0.198468,0.295914,-0.275242,0,0.158554,0.398688
3271,0,0.198468,0.295914,-0.275242,0,0.158554,0.398688
3273,0,0.198468,0.295914,-0.275242,0,0.158554,0.398688
3275,0.003,0.198468,0.295914,-0.275242,0,0.158554,0.398688
3277,0.003,0.198468,0.295914,-0.275242,0,0.158554,0.398688
3279,0,0.191853,0.295103,-0.214687,0,0.158554,0.398688
3281,0,0.191853,0.295103,-0.214687,0,0.158554,0.398688
3283,0,0.191853,0.295103,-0.214687,0,0.158554,0.398688
3285,0,0.191853,0.295103,-0.214687,0,0.158554,0.398688
3287,0.318972,0.19609,0.295168,0.160417,0,0.158554,0.398688
3289,0.281112,0.19609,0.295168,0.160417,0,0.158554,0.398688
3291,0.281112,0.19609,0.295168,0.160417,0,0.158554,0.398688
3293,0.281112,0.19609,0.295168,0.160417,0,0.158554,0.398688
3295,0.281112,0.19609,0.295168,0.160417,0,0.158554,0.398688
3297,0.456402,0.20539,0.295661,0.316517,0,0.158554,0.398688
3299,0.456402,0.20539,0.295661,0.316517,0,0.158554,0.398688
3301,0.456402,0.20539,0.295661,0.316517,0,0.158554,0.398688
3303,0.456402,0.20539,0.295661,0.316517,0,0.158554,0.398688
3305,0.161052,0.203912,0.295292,0.002498,0,0.158554,0.398688
3307,0.145861,0.203912,0.295292,0.002498,0,0.158554,0.398688
3309,0.145861,0.203912,0.295292,0.002498,0,0.158554,0.398688
3311,0.145861,0.203912,0.295292,0.002498,0,0.158554,0.398688
3313,0.145861,0.203912,0.295292,0.002498,0,0.158554,0.398688
3315,0,0.197115,0.294483,-0.274259,0,0.158554,0.398688
3317,0,0.197115,0.294483,-0.274259,0,0.158554,0.398688
3319,0.003,0.197115,0.294483,-0.274259,0,0.158554,0.398688
3321,0.003,0.197115,0.294483,-0.274259,0,0.158554,0.398688
3323,0,0.190544,0.293677,-0.214803,0,0.158554,0.398688
3325,0,0.190544,0.293677,-0.214803,0,0.158554,0.398688
3327,0,0.190544,0.293677,-0.214803,0,0.158554,0.398688
3329,0,0.190544,0.293677,-0.214803,0,0.158554,0.398688
3331,0,0.190544,0.293677,-0.214803,0,0.158554,0.398688
3333,0.277865,0.194719,0.293737,0.157245,0,0.158554,0.398688
3335,0.277865,0.194719,0.293737,0.157245,0,0.158554,0.398688
3337,0.277865,0.194719,0.293737,0.157245,0,0.158554,0.398688
3339,0.277865,0.194719,0.293737,0.157245,0,0.158554,0.398688
3341,0.474957,0.20406,0.294234,0.316403,0,0.158554,0.398688
3343,0.453429,0.20406,0.294234,0.316403,0,0.158554,0.398688
3345,0.453429,0.20406,0.294234,0.316403,0,0.158554,0.398688
3347,0.453429,0.20406,0.294234,0.316403,0,0.158554,0.398688
3349,0.453429,0.20406,0.294234,0.316403,0,0.158554,0.398688
3351,0.150458,0.202748,0.293879,0.006124,0,0.158554,0.398688
3353,0.150458,0.202748,0.293879,0.006124,0,0.158554,0.398688
3355,0.150458,0.202748,0.293879,0.006124,0,0.158554,0.398688
3357,0.150458,0.202748,0.293879,0.006124,0,0.158554,0.398688
3359,0,0.195989,0.293074,-0.274107,0,0.158554,0.398688
3361,0,0.195989,0.293074,-0.274107,0,0.158554,0.398688
3363,0,0.195989,0.293074,-0.274107,0,0.158554,0.398688
3365,0,0.195989,0.293074,-0.274107,0,0.158554,0.398688
3367,0,0.195989,0.293074,-0.274107,0,0.158554,0.398688
3369,0,0.189456,0.292271,-0.217652,0,0.158554,0.398688
